4294967294,0
4294967294,1417
4294967294,6
4294967278,132
4294967278,131
4294967278,130
4294967278,129
4294967278,128
4294967278,127
4294967278,126
4294967278,252
4294967278,125
4294967278,124
4294967278,123
4294967278,122
4294967278,121
4294967278,120
4294967278,119
4294967278,118
4294967278,117
4294967278,405
4294967278,116
4294967278,251
4294967278,115
4294967278,365
4294967278,114
4294967278,113
4294967278,340
4294967278,112
4294967278,111
4294967278,110
4294967278,109
4294967278,108
4294967278,107
4294967278,106
4294967278,105
4294967278,104
4294967278,103
4294967278,293
4294967278,102
4294967278,101
4294967278,100
4294967278,99
4294967278,98
4294967278,424
4294967278,97
4294967278,96
4294967278,95
4294967278,94
4294967278,93
4294967278,92
4294967278,91
4294967278,344
4294967278,90
4294967278,89
4294967278,292
4294967278,87
4294967278,86
4294967278,85
4294967278,84
4294967278,83
4294967278,82
4294967278,81
4294967278,80
4294967278,291
4294967278,79
4294967278,78
4294967278,361
4294967278,77
4294967278,433
4294967278,76
4294967278,75
4294967278,74
4294967278,73
4294967278,72
4294967278,71
4294967278,70
4294967278,69
4294967278,68
4294967278,297
4294967278,67
4294967278,294
4294967278,66
4294967278,227
4294967278,65
4294967278,64
4294967278,63
4294967278,62
4294967278,347
4294967278,0
4294967279,84
4294967279,281
4294967279,82
4294967279,81
4294967279,525
4294967279,77
4294967279,76
4294967279,73
4294967279,422
4294967279,68
4294967279,63
4294967279,60
4294967279,58
4294967279,55
4294967279,53
4294967279,559
4294967279,50
4294967279,47
4294967279,45
4294967279,43
4294967279,433
4294967279,39
4294967279,36
4294967279,297
4294967279,34
4294967279,428
4294967279,32
4294967279,222
4294967279,28
4294967279,564
4294967279,394
4294967279,25
4294967279,528
4294967279,23
4294967279,402
4294967279,20
4294967279,519
4294967279,285
4294967279,17
4294967279,14
4294967279,518
4294967279,563
4294967279,549
4294967279,562
4294967279,9
4294967279,306
4294967279,8
4294967279,7
4294967279,567
4294967279,6
4294967279,5
4294967279,4
0,5
4294967294,7
4294967279,234
4294967279,0
480,2
4294967279,232
1407,4
1407,3
1407,2
1407,1
4294967294,1420
1406,5
1406,4
1406,3
1406,2
1406,1
4294967278,241
4294967294,479
1404,5
1404,4
1404,3
1404,2
1404,1
1403,4
1403,3
1403,2
1403,1
4294967294,1048
1402,4
1402,3
1402,2
1402,1
4294967294,1422
4294967279,230
4294967278,239
1401,5
1401,4
1401,3
1401,2
1401,1
1400,4
1400,3
1400,2
1400,1
1399,5
1399,4
1399,3
1399,2
1399,1
4294967279,228
1398,4
1398,3
1398,2
1398,1
4294967278,235
1397,6
1397,5
1397,4
1397,3
1397,2
1397,1
4294967278,233
1396,5
1396,4
1396,3
1396,2
1396,1
1395,5
1395,4
1395,3
1395,2
1395,1
1394,5
1394,4
1394,3
1394,2
1394,1
4294967279,226
4294967278,231
4294967278,229
4294967279,224
4294967293,131
4294967293,130
4294967293,129
4294967293,128
4294967293,127
4294967293,126
4294967293,125
4294967293,124
4294967293,123
4294967293,122
4294967293,121
4294967293,120
4294967293,119
4294967293,118
4294967293,117
4294967293,116
4294967293,115
4294967293,114
4294967293,113
4294967293,112
4294967293,111
4294967293,110
4294967293,109
4294967293,108
4294967293,107
4294967293,106
4294967293,105
4294967293,104
4294967293,103
4294967293,102
4294967293,101
4294967293,100
4294967293,99
4294967293,98
4294967293,97
4294967293,96
4294967293,95
4294967293,94
4294967293,93
4294967293,92
4294967293,91
4294967293,90
4294967293,89
4294967293,88
4294967293,87
4294967293,86
4294967293,85
4294967293,84
4294967293,83
4294967293,82
4294967293,81
4294967293,80
4294967293,79
4294967293,78
4294967293,77
4294967293,76
4294967293,75
4294967293,74
4294967293,73
4294967293,72
4294967293,71
4294967293,70
4294967293,69
4294967293,68
4294967293,67
4294967293,66
4294967293,65
4294967293,64
4294967293,63
4294967293,62
4294967293,61
4294967293,60
4294967293,59
4294967293,58
4294967293,57
4294967293,56
4294967293,55
4294967293,54
4294967293,53
4294967293,52
4294967293,51
4294967293,50
4294967293,49
4294967293,48
4294967293,47
4294967293,46
4294967293,45
4294967293,44
4294967293,43
4294967293,42
4294967293,41
4294967293,40
4294967293,39
4294967293,38
4294967293,37
4294967293,36
4294967293,35
4294967293,34
4294967293,33
4294967293,32
4294967293,31
4294967293,30
4294967293,29
